2017-08-01,0,169921,38538,131383,164630,26943,137687
2017-08-01,1,67795,26774,41021,143603,19211,124392
2017-08-01,2,56753,31364,25389,157569,27200,130369
2017-08-01,3,60926,35051,25875,143051,29276,113775
2017-08-01,4,164807,36415,128392,147204,32408,114796
2017-08-01,5,312318,88777,223541,198319,79404,118915
2017-08-01,6,463038,255953,207085,375681,225617,150064
2017-08-01,7,599104,288945,310159,397174,251910,145264
2017-08-01,8,1360961,985569,375392,1182079,719527,462552
2017-08-01,9,1145687,659506,486181,792702,517696,275006
2017-08-01,10,1025225,488155,537070,601457,399400,202057
2017-08-01,11,1174404,549145,625259,823015,455615,367400
2017-08-01,12,1019764,448530,571234,625470,383732,241738
2017-08-01,13,1001269,400252,601017,543089,345109,197980
2017-08-01,14,950231,383405,566826,641878,332341,309537
2017-08-01,15,955003,389370,565633,563492,339234,224258
2017-08-01,16,777977,408156,369821,566849,356734,210115
2017-08-01,17,1105220,523742,581478,800930,463317,337613
2017-08-01,18,1079632,498646,580986,693801,442289,251512
2017-08-01,19,950925,504918,446007,680422,445607,234815
2017-08-01,20,704141,459063,245078,831095,419676,411419
2017-08-01,21,353128,266635,86493,490827,252624,238203
2017-08-01,22,186639,124191,62448,280365,115516,164849
2017-08-01,23,113522,46800,66722,193894,45159,148735
2017-08-02,0,158103,26798,131305,138406,24190,114216
2017-08-02,1,55224,18872,36352,113372,17748,95624
2017-08-02,2,66645,38391,28254,127763,26933,100830
2017-08-02,3,73186,43309,29877,129312,27837,101475
2017-08-02,4,68325,37939,30386,118813,28450,90363
2017-08-02,5,177890,77272,100618,164345,70795,93550
2017-08-02,6,470289,232965,237324,342806,204520,138286
2017-08-02,7,606062,261294,344768,372165,220715,151450
2017-08-02,8,1378234,914103,464131,1102314,664097,438217
2017-08-02,9,977963,493197,484766,627029,404843,222186
2017-08-02,10,1039721,500106,539615,621954,419653,202301
2017-08-02,11,1020755,416461,604294,664767,350112,314655
2017-08-02,12,1035945,471107,564838,616236,403325,212911
2017-08-02,13,1015433,443016,572417,572726,365872,206854
2017-08-02,14,969752,422587,547165,666564,354391,312173
2017-08-02,15,989115,396173,592942,553724,340392,213332
2017-08-02,16,803320,453618,349702,608579,392007,216572
2017-08-02,17,887232,440297,446935,709531,365958,343573
2017-08-02,18,952974,387308,565666,566854,335040,231814
2017-08-02,19,986812,484154,502658,686783,434146,252637
2017-08-02,20,705715,428286,277429,837904,384390,453514
2017-08-02,21,395680,299774,95906,498886,273198,225688
2017-08-02,22,222483,163138,59345,323842,138770,185072
2017-08-02,23,119185,73820,45365,232153,61924,170229
2017-08-03,0,149278,43251,106027,155092,31077,124015
2017-08-03,1,57327,26645,30682,138217,13581,124636
2017-08-03,2,49295,24271,25024,140656,20325,120331
2017-08-03,3,51032,25770,25262,108007,22294,85713
2017-08-03,4,207849,35678,172171,122419,25213,97206
2017-08-03,5,301900,77014,224886,177959,70112,107847
2017-08-03,6,398362,230576,167786,335207,208310,126897
2017-08-03,7,555043,267107,287936,373466,231243,142223
2017-08-03,8,1274174,911037,363137,1054423,673563,380860
2017-08-03,9,1040837,523387,517450,646315,426590,219725
2017-08-03,10,1136821,610790,526031,722418,479978,242440
2017-08-03,11,1067944,440466,627478,684839,376120,308719
2017-08-03,12,1034620,418730,615890,565325,369635,195690
2017-08-03,13,1021841,415653,606188,569964,358636,211328
2017-08-03,14,954193,401288,552905,624965,338136,286829
2017-08-03,15,976815,366711,610104,515151,320729,194422
2017-08-03,16,757013,371474,385539,549158,328639,220519
2017-08-03,17,983509,395952,587557,648939,349350,299589
2017-08-03,18,1021192,447571,573621,619098,395313,223785
2017-08-03,19,988250,503234,485016,707072,448222,258850
2017-08-03,20,721822,487456,234366,815588,449406,366182
2017-08-03,21,417485,319629,97856,507653,300760,206893
2017-08-03,22,214405,147799,66606,335925,144421,191504
2017-08-03,23,121589,56944,64645,169125,54126,114999
2017-08-04,0,150066,27715,122351,120064,27571,92493
2017-08-04,1,50135,18643,31492,111267,18412,92855
2017-08-04,2,54386,28808,25578,121378,24265,97113
2017-08-04,3,66644,41671,24973,117219,26520,90699
2017-08-04,4,218261,41748,176513,106131,24355,81776
2017-08-04,5,303635,78578,225057,153427,71147,82280
2017-08-04,6,396160,228143,168017,324594,201176,123418
2017-08-04,7,557996,268442,289554,369584,229151,140433
2017-08-04,8,1347580,965785,381795,1118916,714973,403943
2017-08-04,9,1044054,524852,519202,650243,430646,219597
2017-08-04,10,1051790,534799,516991,644928,433151,211777
2017-08-04,11,1052663,391737,660926,633095,328388,304707
2017-08-04,12,1042659,422444,620215,550004,349855,200149
2017-08-04,13,989448,388327,601121,510937,325272,185665
2017-08-04,14,926282,379921,546361,612726,320876,291850
2017-08-04,15,1014768,385216,629552,529962,325939,204023
2017-08-04,16,756159,384779,371380,529875,334168,195707
2017-08-04,17,1038910,448048,590862,690340,380678,309662
2017-08-04,18,1008289,439299,568990,605127,387901,217226
2017-08-04,19,982641,478986,503655,659636,428868,230768
2017-08-04,20,737878,466522,271356,795703,429701,366002
2017-08-04,21,395845,311839,84006,497997,296397,201600
2017-08-04,22,225534,156157,69377,306424,147082,159342
2017-08-04,23,136976,71149,65827,185140,66918,118222
2017-08-05,0,164966,40558,124408,143576,36877,106699
2017-08-05,1,62978,30363,32615,118885,28381,90504
2017-08-05,2,45683,19339,26344,100359,18008,82351
2017-08-05,3,44526,19411,25115,92354,18252,74102
2017-08-05,4,131299,40637,90662,109643,33737,75906
2017-08-05,5,287185,87791,199394,181401,75405,105996
2017-08-05,6,468536,245111,223425,346521,211850,134671
2017-08-05,7,579034,273748,305286,375595,234730,140865
2017-08-05,8,1252594,886000,366594,1034935,653848,381087
2017-08-05,9,1019616,490300,529316,624479,412525,211954
2017-08-05,10,955309,437558,517751,551691,383237,168454
2017-08-05,11,925870,353518,572352,593048,307336,285712
2017-08-05,12,902641,398442,504199,529480,344106,185374
2017-08-05,13,836350,370481,465869,470949,318255,152694
2017-08-05,14,839139,353601,485538,579017,307381,271636
2017-08-05,15,862741,348626,514115,487848,302725,185123
2017-08-05,16,651525,343330,308195,463242,302140,161102
2017-08-05,17,881874,378405,503469,621022,331314,289708
2017-08-05,18,939295,442001,497294,608302,386197,222105
2017-08-05,19,839703,486567,353136,638142,429362,208780
2017-08-05,20,688751,460410,228341,751326,414869,336457
2017-08-05,21,401937,291002,110935,459478,272926,186552
2017-08-05,22,218915,157966,60949,266241,144681,121560
2017-08-05,23,123078,62912,60166,156159,56229,99930
2017-08-06,0,155024,31676,123348,128552,29571,98981
2017-08-06,1,62084,23571,38513,111578,20855,90723
2017-08-06,2,67495,39779,27716,118800,31796,87004
2017-08-06,3,66866,40547,26319,116918,32500,84418
2017-08-06,4,124322,29657,94665,93715,26465,67250
2017-08-06,5,298621,63736,234885,135095,58255,76840
2017-08-06,6,412740,217713,195027,313503,189205,124298
2017-08-06,7,563153,268519,294634,369089,227489,141600
2017-08-06,8,1107544,836120,271424,974669,609586,365083
2017-08-06,9,855822,464574,391248,586542,383975,202567
2017-08-06,10,828678,411879,416799,518958,363932,155026
2017-08-06,11,928645,411855,516790,641840,355257,286583
2017-08-06,12,872707,380419,492288,506045,328005,178040
2017-08-06,13,858099,382099,476000,464960,323782,141178
2017-08-06,14,766408,341521,424887,548886,294407,254479
2017-08-06,15,804286,320508,483778,448293,279901,168392
2017-08-06,16,665250,332453,332797,433447,287703,145744
2017-08-06,17,965246,370526,594720,594456,323613,270843
2017-08-06,18,1040713,439365,601348,592738,386943,205795
2017-08-06,19,970021,483718,486303,624829,429378,195451
2017-08-06,20,728392,448732,279660,721532,406697,314835
2017-08-06,21,331150,266842,64308,423926,250552,173374
2017-08-06,22,191203,129236,61967,228099,121143,106956
2017-08-06,23,112968,49864,63104,138256,44685,93571
2017-08-07,0,151238,26813,124425,109378,24084,85294
2017-08-07,1,56162,19783,36379,108471,18165,90306
2017-08-07,2,59722,30889,28833,109603,26574,83029
2017-08-07,3,60800,31598,29202,101731,25462,76269
2017-08-07,4,157840,35840,122000,102082,30509,71573
2017-08-07,5,320271,89424,230847,164206,78332,85874
2017-08-07,6,470557,258336,212221,365021,228813,136208
2017-08-07,7,598273,288592,309681,395375,245951,149424
2017-08-07,8,1236685,850682,386003,1042628,602746,439882
2017-08-07,9,1048395,522609,525786,708924,410670,298254
2017-08-07,10,1041563,482062,559501,634075,400695,233380
2017-08-07,11,1068988,413141,655847,669373,333384,335989
2017-08-07,12,1028551,393801,634750,558881,342788,216093
2017-08-07,13,989591,390271,599320,522812,327267,195545
2017-08-07,14,991478,390882,600596,633351,322907,310444
2017-08-07,15,1076524,449275,627249,601320,381915,219405
2017-08-07,16,856728,474684,382044,635087,408697,226390
2017-08-07,17,1102011,513465,588546,793510,450743,342767
2017-08-07,18,1102671,524784,577887,701823,466764,235059
2017-08-07,19,1014166,532944,481222,708729,472870,235859
2017-08-07,20,749442,491753,257689,825914,443655,382259
2017-08-07,21,401953,295834,106119,500312,279875,220437
2017-08-07,22,209338,137262,72076,278769,129278,149491
2017-08-07,23,128340,53429,74911,183043,51282,131761
2017-08-08,0,168876,30599,138277,126549,28689,97860
2017-08-08,1,78919,20455,58464,123465,19133,104332
2017-08-08,2,67235,30721,36514,135371,27610,107761
2017-08-08,3,70414,34067,36347,119528,28833,90695
2017-08-08,4,158562,36887,121675,118377,33490,84887
2017-08-08,5,348888,116180,232708,209423,102533,106890
2017-08-08,6,517098,321630,195468,437803,279251,158552
2017-08-08,7,698494,384127,314367,500526,323126,177400
2017-08-08,8,1470118,1072852,397266,1297084,780348,516736
2017-08-08,9,1313551,788478,525073,960242,613637,346605
2017-08-08,10,1146491,616456,530035,752911,468760,284151
2017-08-08,11,1169691,566019,603672,848058,444838,403220
2017-08-08,12,1142385,532283,610102,704799,439662,265137
2017-08-08,13,1066634,481819,584815,631073,402241,228832
2017-08-08,14,1016973,472705,544268,749652,389054,360598
2017-08-08,15,1069072,461822,607250,632301,384343,247958
2017-08-08,16,843647,476698,366949,652384,408689,243695
2017-08-08,17,1191728,592025,599703,886092,502146,383946
2017-08-08,18,1160192,577598,582594,782081,508217,273864
2017-08-08,19,1044203,587185,457018,792270,516293,275977
2017-08-08,20,757561,530747,226814,903404,477287,426117
2017-08-08,21,403308,311447,91861,516318,292842,223476
2017-08-08,22,211352,139258,72094,308693,133822,174871
2017-08-08,23,125596,51001,74595,198817,48499,150318
2017-08-09,0,142821,23798,119023,130989,22759,108230
2017-08-09,1,70729,20574,50155,123081,20876,102205
2017-08-09,2,67509,30086,37423,119202,26744,92458
2017-08-09,3,68301,30632,37669,110021,26877,83144
2017-08-09,4,153864,33997,119867,111604,29659,81945
2017-08-09,5,341229,93389,247840,191873,80881,110992
2017-08-09,6,483147,262521,220626,371479,225573,145906
2017-08-09,7,611534,300942,310592,412836,251974,160862
2017-08-09,8,1404089,1024975,379114,1238005,740343,497662
2017-08-09,9,1092100,580974,511126,723899,457793,266106
2017-08-09,10,996099,462262,533837,584698,377649,207049
2017-08-09,11,1048336,413802,634534,684869,343837,341032
2017-08-09,12,1062100,439885,622215,603566,383459,220107
2017-08-09,13,1025204,426317,598887,550515,362036,188479
2017-08-09,14,940606,385686,554920,643179,331520,311659
2017-08-09,15,997613,378447,619166,542184,326618,215566
2017-08-09,16,768621,397441,371180,546263,347627,198636
2017-08-09,17,1079802,471339,608463,749627,413708,335919
2017-08-09,18,1124471,507538,616933,693860,451558,242302
2017-08-09,19,1006700,517305,489395,678399,456901,221498
2017-08-09,20,720139,475300,244839,809763,429618,380145
2017-08-09,21,376148,282536,93612,469338,265260,204078
2017-08-09,22,201049,126977,74072,259120,122020,137100
2017-08-09,23,119248,46053,73195,159572,43140,116432
2017-08-10,0,163649,24402,139247,120149,22192,97957
2017-08-10,1,63915,18084,45831,108969,16837,92132
2017-08-10,2,63674,25840,37834,109126,21755,87371
2017-08-10,3,68018,28233,39785,105017,22645,82372
2017-08-10,4,143825,42828,100997,113910,33656,80254
2017-08-10,5,385559,105219,280340,191356,89563,101793
2017-08-10,6,540857,286498,254359,398345,244215,154130
2017-08-10,7,639565,301578,337987,409407,260442,148965
2017-08-10,8,1365356,957494,407862,1118677,662448,456229
2017-08-10,9,1139926,619214,520712,736809,456932,279877
2017-08-10,10,1129408,577725,551683,683442,448007,235435
2017-08-10,11,1142859,496079,646780,774894,418860,356034
2017-08-10,12,1076211,433208,643003,629266,374895,254371
2017-08-10,13,1014561,399738,614823,548014,344683,203331
2017-08-10,14,944396,383538,560858,646978,330535,316443
2017-08-10,15,1027181,372579,654602,562625,325046,237579
2017-08-10,16,893318,506057,387261,675518,436908,238610
2017-08-10,17,1054331,455357,598974,741579,399455,342124
2017-08-10,18,1105625,493440,612185,703895,441244,262651
2017-08-10,19,1004015,502196,501819,686940,449633,237307
2017-08-10,20,703939,464064,239875,831264,420150,411114
2017-08-10,21,371557,269668,101889,502231,253782,248449
2017-08-10,22,202371,130280,72091,300674,123016,177658
2017-08-10,23,130047,50817,79230,168994,47769,121225
2017-08-11,0,168488,31824,136664,127231,29094,98137
2017-08-11,1,79588,26327,53261,117103,24280,92823
2017-08-11,2,82417,43117,39300,130513,36593,93920
2017-08-11,3,77996,39538,38458,118130,32777,85353
2017-08-11,4,81673,40657,41016,124226,39207,85019
2017-08-11,5,157090,105108,51982,194352,93962,100390
2017-08-11,6,583027,347614,235413,466266,298599,167667
2017-08-11,7,777165,374855,402310,488174,313665,174509
2017-08-11,8,1448550,953390,495160,1153365,682832,470533
2017-08-11,9,1237167,683667,553500,838590,528443,310147
2017-08-11,10,1214745,676570,538175,808241,539869,268372
2017-08-11,11,1195236,550493,644743,813182,444905,368277
2017-08-11,12,1143136,502912,640224,688228,436555,251673
2017-08-11,13,1110217,510614,599603,647146,429510,217636
2017-08-11,14,1043148,485482,557666,727990,392996,334994
2017-08-11,15,1106472,459965,646507,630101,382513,247588
2017-08-11,16,841751,455523,386228,621230,393831,227399
2017-08-11,17,1152884,546365,606519,817938,466584,351354
2017-08-11,18,1138877,556608,582269,764456,490929,273527
2017-08-11,19,1049909,565069,484840,754472,491187,263285
2017-08-11,20,754680,508870,245810,851942,453202,398740
2017-08-11,21,394938,294331,100607,504034,278005,226029
2017-08-11,22,208786,135784,73002,294941,125840,169101
2017-08-11,23,111142,48437,62705,182235,44976,137259
2017-08-12,0,143498,22319,121179,119961,20738,99223
2017-08-12,1,63792,16071,47721,122403,14691,107712
2017-08-12,2,63002,25705,37297,145595,22261,123334
2017-08-12,3,65915,28049,37866,124198,24225,99973
2017-08-12,4,67298,25563,41735,102243,25343,76900
2017-08-12,5,114530,62770,51760,156244,58877,97367
2017-08-12,6,461750,240785,220965,345104,210660,134444
2017-08-12,7,696226,276529,419697,386307,233110,153197
2017-08-12,8,1438210,929572,508638,1067330,682191,385139
2017-08-12,9,1425820,834389,591431,963639,646985,316654
2017-08-12,10,1171108,607717,563391,739639,503830,235809
2017-08-12,11,1193340,525365,667975,783382,433408,349974
2017-08-12,12,1111109,480662,630447,675723,401274,274449
2017-08-12,13,1005213,387652,617561,530235,340584,189651
2017-08-12,14,951678,367629,584049,617896,321353,296543
2017-08-12,15,1016125,365986,650139,566015,317966,248049
2017-08-12,16,752890,370444,382446,514946,325047,189899
2017-08-12,17,1062775,441299,621476,692126,380983,311143
2017-08-12,18,1085890,474305,611585,694554,422003,272551
2017-08-12,19,1009059,503103,505956,675230,446714,228516
2017-08-12,20,706551,471001,235550,817218,422077,395141
2017-08-12,21,388060,282027,106033,552195,264665,287530
2017-08-12,22,223205,151348,71857,288935,142442,146493
2017-08-12,23,129813,55839,73974,171319,52199,119120
2017-08-13,0,167283,27609,139674,136501,26896,109605
2017-08-13,1,62485,15280,47205,86884,14679,72205
2017-08-13,2,51775,12571,39204,80299,12051,68248
2017-08-13,3,70118,27944,42174,102848,25259,77589
2017-08-13,4,176572,45433,131139,110846,39547,71299
2017-08-13,5,329234,80764,248470,162682,67339,95343
2017-08-13,6,438670,235568,203102,332605,205732,126873
2017-08-13,7,578084,259065,319019,363824,222037,141787
2017-08-13,8,1234009,834174,399835,977552,602112,375440
2017-08-13,9,1067860,540297,527563,667011,426761,240250
2017-08-13,10,1055440,505395,550045,624545,429715,194830
2017-08-13,11,1152086,488474,663612,730061,400828,329233
2017-08-13,12,1070302,415294,655008,565597,348992,216605
2017-08-13,13,982729,365699,617030,491463,320759,170704
2017-08-13,14,914732,337264,577468,574673,298392,276281
2017-08-13,15,1036566,386796,649770,546920,333462,213458
2017-08-13,16,764640,377456,387184,496518,319078,177440
2017-08-13,17,1037805,419504,618301,669615,358199,311416
2017-08-13,18,1070289,461198,609091,647342,405743,241599
2017-08-13,19,1009004,501027,507977,653540,442293,211247
2017-08-13,20,696590,449702,246888,759007,404652,354355
2017-08-13,21,356707,255322,101385,446340,240565,205775
2017-08-13,22,200856,128862,71994,244337,119081,125256
2017-08-13,23,135895,61154,74741,180363,56437,123926
2017-08-14,0,182558,43293,139265,148591,37707,110884
2017-08-14,1,79491,32864,46627,105760,29391,76369
2017-08-14,2,67027,29853,37174,95981,26678,69303
2017-08-14,3,68651,30972,37679,116850,28660,88190
2017-08-14,4,155538,31905,123633,108854,30843,78011
2017-08-14,5,345057,91087,253970,188311,87803,100508
2017-08-14,6,467974,255233,212741,374540,231186,143354
2017-08-14,7,609909,278415,331494,391908,240688,151220
2017-08-14,8,1428185,1022157,406028,1219082,737628,481454
2017-08-14,9,1148333,612084,536249,793684,477593,316091
2017-08-14,10,1108028,527635,580393,654963,433920,221043
2017-08-14,11,1061114,438587,622527,728180,362380,365800
2017-08-14,12,1140847,444320,696527,634220,381667,252553
2017-08-14,13,997347,410591,586756,556096,350736,205360
2017-08-14,14,978388,397147,581241,668193,340262,327931
2017-08-14,15,1044841,395268,649573,575371,334875,240496
2017-08-14,16,762211,396790,365421,557620,345364,212256
2017-08-14,17,1070193,447248,622945,729361,388644,340717
2017-08-14,18,1100498,490374,610124,693592,435175,258417
2017-08-14,19,966441,492412,474029,667938,441344,226594
2017-08-14,20,733005,464405,268600,833488,422195,411293
2017-08-14,21,392325,287558,104767,512265,271451,240814
2017-08-14,22,272931,198403,74528,346078,175606,170472
2017-08-14,23,115474,44791,70683,165987,42734,123253
2017-08-15,0,158402,20721,137681,133714,20187,113527
2017-08-15,1,63243,18155,45088,108840,17680,91160
2017-08-15,2,82355,44600,37755,130961,36438,94523
2017-08-15,3,80982,44250,36732,134113,34888,99225
2017-08-15,4,109946,29933,80013,103837,27448,76389
2017-08-15,5,334491,90338,244153,178504,80001,98503
2017-08-15,6,465010,228570,236440,331021,200410,130611
2017-08-15,7,603579,270778,332801,376351,225844,150507
2017-08-15,8,1355071,944015,411056,1147988,661096,486892
2017-08-15,9,993155,470699,522456,614065,377767,236298
2017-08-15,10,1099109,518648,580461,638180,415770,222410
2017-08-15,11,1114291,459430,654861,742845,368006,374839
2017-08-15,12,1142484,457453,685031,612255,373627,238628
2017-08-15,13,1011683,427562,584121,572734,342257,230477
2017-08-15,14,991327,403533,587794,683777,327399,356378
2017-08-15,15,1053449,400082,653367,574862,331652,243210
2017-08-15,16,765592,392932,372660,578609,340476,238133
2017-08-15,17,1076768,450400,626368,757193,390588,366605
2017-08-15,18,1086417,478075,608342,682205,426563,255642
2017-08-15,19,981173,491335,489838,692380,437080,255300
2017-08-15,20,734575,474947,259628,879233,433208,446025
2017-08-15,21,409009,304009,105000,510174,285796,224378
2017-08-15,22,207712,134196,73516,314202,134162,180040
2017-08-15,23,122593,50210,72383,203681,46755,156926
2017-08-16,0,159008,28011,130997,163910,25875,138035
2017-08-16,1,67984,22375,45609,135766,20333,115433
2017-08-16,2,67144,30174,36970,128728,26194,102534
2017-08-16,3,68963,31636,37327,118547,26433,92114
2017-08-16,4,73192,32394,40798,104498,30537,73961
2017-08-16,5,133944,83978,49966,173123,73487,99636
2017-08-16,6,497000,249260,247740,350800,213289,137511
2017-08-16,7,683852,275552,408300,380709,231422,149287
2017-08-16,8,1317129,822986,494143,1014597,620710,393887
2017-08-16,9,1091315,522239,569076,651590,412753,238837
2017-08-16,10,1134085,573442,560643,702058,482536,219522
2017-08-16,11,1171062,521606,649456,735882,424943,310939
2017-08-16,12,1150280,466312,683968,624812,399238,225574
2017-08-16,13,956149,388607,567542,532714,343912,188802
2017-08-16,14,949397,369149,580248,593008,321582,271426
2017-08-16,15,1029546,374225,655321,531062,322419,208643
2017-08-16,16,767915,400577,367338,553094,349183,203911
2017-08-16,17,1087881,467220,620661,699540,402322,297218
2017-08-16,18,1088455,482366,606089,669367,429242,240125
2017-08-16,19,983486,501077,482409,680408,451245,229163
2017-08-16,20,723999,467178,256821,771179,423073,348106
2017-08-16,21,385798,284489,101309,475036,269801,205235
2017-08-16,22,201638,129829,71809,266131,121828,144303
2017-08-16,23,119450,49280,70170,194852,49536,145316
2017-08-17,0,146248,24733,121515,135369,22579,112790
2017-08-17,1,62941,15216,47725,96668,19216,77452
2017-08-17,2,51019,12071,38948,88072,11862,76210
2017-08-17,3,56526,17560,38966,97412,14555,82857
2017-08-17,4,143131,31581,111550,101100,26855,74245
2017-08-17,5,328834,90201,238633,181933,78795,103138
2017-08-17,6,446936,224537,222399,323077,197704,125373
2017-08-17,7,614890,279273,335617,382539,238380,144159
2017-08-17,8,1241904,841021,400883,1040721,613877,426844
2017-08-17,9,1013466,479478,533988,607287,373369,233918
2017-08-17,10,1088251,523282,564969,648475,399363,249112
2017-08-17,11,1076981,409242,667739,641309,340381,300928
2017-08-17,12,1134842,449957,684885,614106,383177,230929
2017-08-17,13,969076,385343,583733,573047,345684,227363
2017-08-17,14,955420,365875,589545,597578,319748,277830
2017-08-17,15,1000624,354961,645663,528465,312539,215926
2017-08-17,16,751931,369301,382630,566986,328620,238366
2017-08-17,17,1063428,458131,605297,712916,405337,307579
2017-08-17,18,1053360,453360,600000,658117,407401,250716
2017-08-17,19,984409,487149,497260,709314,446767,262547
2017-08-17,20,709600,448033,261567,780762,420868,359894
2017-08-17,21,395988,293764,102224,500967,283376,217591
2017-08-17,22,209407,136639,72768,314124,128298,185826
2017-08-17,23,122505,52806,69699,174604,49710,124894
2017-08-18,0,169038,29478,139560,141665,27876,113789
2017-08-18,1,63528,17371,46157,89449,18164,71285
2017-08-18,2,51922,15714,36208,82633,14891,67742
2017-08-18,3,68917,20621,48296,95090,17952,77138
2017-08-18,4,75099,33073,42026,92571,30083,62488
2017-08-18,5,136193,82379,53814,152402,70733,81669
2017-08-18,6,257493,189949,67544,275525,166552,108973
2017-08-18,7,306824,232570,74254,317263,205148,112115
2017-08-18,8,1634930,1007544,627386,1196705,760365,436340
2017-08-18,9,1360306,648075,712231,797227,523976,273251
2017-08-18,10,1108469,475751,632718,606574,414501,192073
2017-08-18,11,1145027,446544,698483,705414,388811,316603
2017-08-18,12,1124428,621972,502456,788055,535270,252785
2017-08-18,13,951159,375857,575302,517733,339288,178445
2017-08-18,14,897052,371985,525067,618205,331702,286503
2017-08-18,15,1053767,399361,654406,582454,353478,228976
2017-08-18,16,812452,437887,374565,584897,383914,200983
2017-08-18,17,1215319,621437,593882,867313,525361,341952
2017-08-18,18,1092890,502312,590578,710241,455432,254809
2017-08-18,19,972386,508008,464378,682959,459991,222968
2017-08-18,20,720958,470796,250162,838832,438279,400553
2017-08-18,21,418089,320017,98072,551243,306927,244316
2017-08-18,22,224832,152577,72255,291737,144461,147276
2017-08-18,23,109060,58782,50278,190018,53864,136154
2017-08-19,0,150821,30486,120335,190101,29237,160864
2017-08-19,1,72892,25403,47489,113172,22766,90406
2017-08-19,2,85526,43822,41704,128079,36325,91754
2017-08-19,3,86299,45341,40958,136059,36077,99982
2017-08-19,4,74174,31441,42733,107503,27749,79754
2017-08-19,5,133138,69230,63908,170514,61932,108582
2017-08-19,6,456092,204326,251766,291241,182458,108783
2017-08-19,7,696839,278570,418269,374919,240860,134059
2017-08-19,8,1332435,841320,491115,967202,653468,313734
2017-08-19,9,1266729,707965,558764,841396,563346,278050
2017-08-19,10,1072399,534459,537940,680330,459992,220338
2017-08-19,11,1071411,435050,636361,659026,382605,276421
2017-08-19,12,1216101,540170,675931,731227,466327,264900
2017-08-19,13,988686,386539,602147,526537,343999,182538
2017-08-19,14,912314,354113,558201,566780,312980,253800
2017-08-19,15,986700,338469,648231,537382,303144,234238
2017-08-19,16,717272,347137,370135,498607,311241,187366
2017-08-19,17,1123430,499652,623778,727889,438924,288965
2017-08-19,18,1064523,437587,626936,666865,399634,267231
2017-08-19,19,966144,461863,504281,655596,428103,227493
2017-08-19,20,701862,446867,254995,736511,419976,316535
2017-08-19,21,410511,306877,103634,550900,286031,264869
2017-08-19,22,233031,156344,76687,304816,145579,159237
2017-08-19,23,134002,61317,72685,165205,56168,109037
2017-08-20,0,178498,32925,145573,156771,29577,127194
2017-08-20,1,67294,20800,46494,94779,18725,76054
2017-08-20,2,67287,29405,37882,91639,23755,67884
2017-08-20,3,67669,30736,36933,99233,22553,76680
2017-08-20,4,107381,25560,81821,78040,20542,57498
2017-08-20,5,293266,65307,227959,139171,54754,84417
2017-08-20,6,398148,186408,211740,264065,160266,103799
2017-08-20,7,560114,240307,319807,326727,208654,118073
2017-08-20,8,1225267,816914,408353,959785,639248,320537
2017-08-20,9,1085816,568915,516901,712433,466247,246186
2017-08-20,10,951492,400283,551209,524385,346630,177755
2017-08-20,11,988849,347118,641731,552456,311154,241302
2017-08-20,12,1125373,453973,671400,609541,397737,211804
2017-08-20,13,891651,315540,576111,440981,287043,153938
2017-08-20,14,875213,303289,571924,493922,274031,219891
2017-08-20,15,958245,299234,659011,457123,271507,185616
2017-08-20,16,665388,307962,357426,432109,279279,152830
2017-08-20,17,1114972,483355,631617,681959,425810,256149
2017-08-20,18,1009253,428630,580623,619688,391756,227932
2017-08-20,19,976334,465952,510382,626464,426703,199761
2017-08-20,20,662799,419368,243431,685827,397148,288679
2017-08-20,21,333470,247346,86124,417400,231357,186043
2017-08-20,22,182073,115149,66924,215588,106151,109437
2017-08-20,23,104523,42291,62232,121687,39048,82639
2017-08-21,0,147116,23254,123862,121549,21223,100326
2017-08-21,1,68720,17326,51394,75264,15546,59718
2017-08-21,2,62393,27102,35291,82783,22387,60396
2017-08-21,3,67263,31574,35689,98329,25454,72875
2017-08-21,4,70438,30725,39713,80867,28481,52386
2017-08-21,5,333635,97007,236628,175481,90013,85468
2017-08-21,6,485706,242953,242753,330794,213643,117151
2017-08-21,7,633696,299469,334227,391127,260057,131070
2017-08-21,8,1427676,983317,444359,1159026,718169,440857
2017-08-21,9,1097648,558502,539146,717181,431020,286161
2017-08-21,10,1037238,491053,546185,621212,417923,203289
2017-08-21,11,1115791,446285,669506,710713,376058,334655
2017-08-21,12,1168898,476792,692106,673298,396388,276910
2017-08-21,13,1037801,437419,600382,558850,373101,185749
2017-08-21,14,1006424,402953,603471,653790,349112,304678
2017-08-21,15,1053418,390239,663179,596279,342523,253756
2017-08-21,16,815334,422974,392360,572238,374305,197933
2017-08-21,17,1091553,451742,639811,718977,403112,315865
2017-08-21,18,1132796,501425,631371,727004,445277,281727
2017-08-21,19,1013308,500186,513122,659573,445387,214186
2017-08-21,20,743575,470271,273304,806917,427109,379808
2017-08-21,21,388677,274757,113920,507235,262252,244983
2017-08-21,22,222126,127706,94420,247924,118673,129251
2017-08-21,23,142423,47690,94733,163192,43248,119944
2017-08-22,0,177354,26742,150612,146894,27651,119243
2017-08-22,1,104708,29047,75661,114748,25138,89610
2017-08-22,2,91865,32594,59271,109989,26865,83124
2017-08-22,3,93075,34831,58244,109868,28411,81457
2017-08-22,4,95247,36269,58978,109226,32686,76540
2017-08-22,5,305230,113169,192061,208565,110534,98031
2017-08-22,6,549648,275535,274113,389819,241214,148605
2017-08-22,7,728037,349276,378761,468163,297273,170890
2017-08-22,8,1571559,1089088,482471,1281618,768265,513353
2017-08-22,9,1318011,749582,568429,896791,539463,357328
2017-08-22,10,1213280,641393,571887,770133,501006,269127
2017-08-22,11,1183997,490804,693193,808368,408499,399869
2017-08-22,12,1164760,466626,698134,692214,406978,285236
2017-08-22,13,1051371,447576,603795,604144,381477,222667
2017-08-22,14,1054067,438470,615597,721970,372351,349619
2017-08-22,15,1128332,437981,690351,659298,372302,286996
2017-08-22,16,836621,445365,391256,620661,385660,235001
2017-08-22,17,1147214,482947,664267,788059,423253,364806
2017-08-22,18,1168538,531786,636752,777981,470803,307178
2017-08-22,19,1023590,551011,472579,744416,484353,260063
2017-08-22,20,771938,499438,272500,893018,451235,441783
2017-08-22,21,428355,296727,131628,559082,281027,278055
2017-08-22,22,239532,139342,100190,309287,131485,177802
2017-08-22,23,146836,50948,95888,162584,48521,114063
2017-08-23,0,193408,26926,166482,118199,25842,92357
2017-08-23,1,106101,21992,84109,110487,20264,90223
2017-08-23,2,89344,29497,59847,111832,25943,85889
2017-08-23,3,91413,32004,59409,106986,26372,80614
2017-08-23,4,97846,29736,68110,101009,26945,74064
2017-08-23,5,338787,91784,247003,171127,83112,88015
2017-08-23,6,495784,247862,247922,350467,216807,133660
2017-08-23,7,616911,268209,348702,373715,225170,148545
2017-08-23,8,1321066,971420,349646,1161571,688008,473563
2017-08-23,9,1000054,564285,435769,693668,415912,277756
2017-08-23,10,985960,525364,460596,656016,444633,211383
2017-08-23,11,994375,438261,556114,723679,369678,354001
2017-08-23,12,1004544,425689,578855,627561,368652,258909
2017-08-23,13,844127,371749,472378,500695,323949,176746
2017-08-23,14,851340,376068,475272,642512,323858,318654
2017-08-23,15,966834,417003,549831,619168,351206,267962
2017-08-23,16,697037,431301,265736,577321,370743,206578
2017-08-23,17,952025,430277,521748,711331,379183,332148
2017-08-23,18,985043,483465,501578,713723,431387,282336
2017-08-23,19,870045,482487,387558,651383,428460,222923
2017-08-23,20,736356,461863,274493,815576,418126,397450
2017-08-23,21,537624,404274,133350,655825,370156,285669
2017-08-23,22,219600,136038,83562,270976,128112,142864
2017-08-23,23,126922,45463,81459,155664,43423,112241
2017-08-24,0,161150,22450,138700,133867,21948,111919
2017-08-24,1,94662,19162,75500,106162,17683,88479
2017-08-24,2,75418,26287,49131,107540,23116,84424
2017-08-24,3,77579,28079,49500,125336,23908,101428
2017-08-24,4,86222,27352,58870,108756,25722,83034
2017-08-24,5,325138,85679,239459,166444,77271,89173
2017-08-24,6,499138,243384,255754,353835,215418,138417
2017-08-24,7,621623,263839,357784,363892,222419,141473
2017-08-24,8,1293508,957959,335549,1118215,667015,451200
2017-08-24,9,1035248,636096,399152,774543,466003,308540
2017-08-24,10,1006534,551063,455471,671075,454362,216713
2017-08-24,11,1029644,452290,577354,749095,383151,365944
2017-08-24,12,1009247,411473,597774,628589,355585,273004
2017-08-24,13,846871,389854,457017,527228,337475,189753
2017-08-24,14,855602,362725,492877,638430,309090,329340
2017-08-24,15,889727,374069,515658,585765,317196,268569
2017-08-24,16,659080,392315,266765,543899,339054,204845
2017-08-24,17,1025367,425877,599490,719904,371590,348314
2017-08-24,18,1155581,476593,678988,715170,418610,296560
2017-08-24,19,1030018,509266,520752,687119,451685,235434
2017-08-24,20,771026,489318,281708,863264,444249,419015
2017-08-24,21,423682,313888,109794,582711,297593,285118
2017-08-24,22,227798,143358,84440,291924,131747,160177
2017-08-24,23,129933,49169,80764,157954,44795,113159
2017-08-25,0,163503,25537,137966,126036,24040,101996
2017-08-25,1,77602,20060,57542,119495,29157,90338
2017-08-25,2,70484,28791,41693,112092,24838,87254
2017-08-25,3,73996,30544,43452,113438,24775,88663
2017-08-25,4,88701,30611,58090,106294,27772,78522
2017-08-25,5,323176,90052,233124,175891,81103,94788
2017-08-25,6,523912,282753,241159,397620,246310,151310
2017-08-25,7,666515,314252,352263,427869,267501,160368
2017-08-25,8,1306435,866750,439685,1095089,658662,436427
2017-08-25,9,1039818,495702,544116,674661,396180,278481
2017-08-25,10,1101385,527363,574022,684863,414969,269894
2017-08-25,11,1142908,475401,667507,707520,387970,319550
2017-08-25,12,1493445,780569,712876,975284,572251,403033
2017-08-25,13,1080708,487980,592728,683504,415985,267519
2017-08-25,14,1156172,559050,597122,786633,461930,324703
2017-08-25,15,1217677,527840,689837,790989,424944,366045
2017-08-25,16,1021050,642313,378737,836593,509877,326716
2017-08-25,17,1137613,504846,632767,757940,440077,317863
2017-08-25,18,1196241,589392,606849,879364,520910,358454
2017-08-25,19,1058576,546252,512324,771389,487305,284084
2017-08-25,20,782917,502624,280293,835860,458563,377297
2017-08-25,21,392248,297436,94812,586762,277906,308856
2017-08-25,22,221996,142890,79106,325538,132482,193056
2017-08-25,23,128400,54589,73811,200388,53087,147301
2017-08-26,0,163187,31494,131693,263502,29163,234339
2017-08-26,1,88492,26686,61806,140857,26373,114484
2017-08-26,2,75029,32733,42296,155417,28198,127219
2017-08-26,3,75366,34670,40696,152937,28148,124789
2017-08-26,4,80448,31669,48779,156439,29093,127346
2017-08-26,5,296758,84573,212185,173495,73452,100043
2017-08-26,6,487819,244121,243698,358932,212475,146457
2017-08-26,7,657329,285846,371483,401994,248347,153647
2017-08-26,8,928657,495329,433328,626283,395016,231267
2017-08-26,9,1062641,509874,552767,636527,421937,214590
2017-08-26,10,970044,405483,564561,514701,344371,170330
2017-08-26,11,1120503,526949,593554,699396,462380,237016
2017-08-26,12,943496,468480,475016,625976,407762,218214
2017-08-26,13,968404,396849,571555,523586,349067,174519
2017-08-26,14,823471,383399,440072,543656,337465,206191
2017-08-26,15,989555,398602,590953,546090,346742,199348
2017-08-26,16,984067,512614,471453,652631,432642,219989
2017-08-26,17,962713,411595,551118,592126,364886,227240
2017-08-26,18,1015087,480591,534496,667213,428688,238525
2017-08-26,19,998051,527165,470886,699890,462416,237474
2017-08-26,20,892020,495739,396281,686412,437483,248929
2017-08-26,21,423172,304228,118944,487760,284198,203562
2017-08-26,22,248162,164973,83189,307747,151998,155749
2017-08-26,23,147106,68608,78498,178363,63956,114407
2017-08-27,0,195930,41710,154220,131935,38102,93833
2017-08-27,1,97207,31739,65468,126531,28236,98295
2017-08-27,2,78239,33071,45168,109860,27678,82182
2017-08-27,3,78726,36327,42399,116542,29194,87348
2017-08-27,4,69321,25456,43865,126096,22458,103638
2017-08-27,5,125177,62980,62197,137960,56961,80999
2017-08-27,6,480321,233316,247005,328902,203332,125570
2017-08-27,7,653116,258818,394298,374184,218599,155585
2017-08-27,8,1226335,738389,487946,877555,563227,314328
2017-08-27,9,1087413,546093,541320,678688,435810,242878
2017-08-27,10,1069438,500806,568632,632049,434735,197314
2017-08-27,11,1070540,420370,650170,619398,361649,257749
2017-08-27,12,1058114,379429,678685,539412,328013,211399
2017-08-27,13,936213,355266,580947,477408,311409,165999
2017-08-27,14,908430,333242,575188,514942,291305,223637
2017-08-27,15,1007301,323535,683766,481016,282504,198512
2017-08-27,16,704585,332069,372516,455653,293490,162163
2017-08-27,17,977765,363247,614518,557304,319737,237567
2017-08-27,18,1063453,449317,614136,635997,398376,237621
2017-08-27,19,986698,505712,480986,665805,458824,206981
2017-08-27,20,872884,558446,314438,798494,518249,280245
2017-08-27,21,413936,314701,99235,497396,303074,194322
2017-08-27,22,236998,159767,77231,260862,151658,109204
2017-08-27,23,112350,59222,53128,144056,55078,88978
2017-08-28,0,155634,30442,125192,106912,27375,79537
2017-08-28,1,75887,23578,52309,91428,23905,67523
2017-08-28,2,75476,34259,41217,100173,29624,70549
2017-08-28,3,78992,37404,41588,99255,31342,67913
2017-08-28,4,87845,38174,49671,95644,34558,61086
2017-08-28,5,354993,109995,244998,181294,95703,85591
2017-08-28,6,543123,290799,252324,395180,258591,136589
2017-08-28,7,680226,308331,371895,411804,266340,145464
2017-08-28,8,1395160,953226,441934,1147421,684001,463420
2017-08-28,9,1283823,722542,561281,939448,524184,415264
2017-08-28,10,1153485,587909,565576,760958,499521,261437
2017-08-28,11,1231662,552209,679453,858176,473258,384918
2017-08-28,12,1169283,452451,716832,712348,397953,314395
2017-08-28,13,1022453,407435,615018,572431,357362,215069
2017-08-28,14,985949,396823,589126,669923,340652,329271
2017-08-28,15,1072344,411394,660950,629559,353528,276031
2017-08-28,16,916760,516192,400568,674346,437986,236360
2017-08-28,17,1080618,443724,636894,738118,394199,343919
2017-08-28,18,1141326,492719,648607,741245,439869,301376
2017-08-28,19,1035217,511322,523895,689238,456831,232407
2017-08-28,20,763422,467835,295587,840715,426036,414679
2017-08-28,21,387473,288577,98896,583222,273303,309919
2017-08-28,22,212180,131837,80343,288777,123137,165640
2017-08-28,23,133225,51002,82223,181698,47188,134510
2017-08-29,0,180395,30385,150010,132719,29755,102964
2017-08-29,1,102150,24660,77490,125703,22997,102706
2017-08-29,2,80344,35352,44992,128927,31016,97911
2017-08-29,3,83443,37147,46296,120324,30525,89799
2017-08-29,4,258181,43572,214609,142005,37196,104809
2017-08-29,5,366201,123111,243090,208849,108312,100537
2017-08-29,6,517953,336529,181424,451618,294388,157230
2017-08-29,7,719442,410346,309096,519754,331246,188508
2017-08-29,8,1322610,910895,411715,1105159,652058,453101
2017-08-29,9,1239271,685359,553912,856112,490053,366059
2017-08-29,10,1298566,717837,580729,876196,559672,316524
2017-08-29,11,1357896,692532,665364,991840,581180,410660
2017-08-29,12,1219806,501933,717873,743861,427901,315960
2017-08-29,13,1058902,456875,602027,640020,391795,248225
2017-08-29,14,1017354,422954,594400,684988,357214,327774
2017-08-29,15,1127033,471689,655344,704187,393021,311166
2017-08-29,16,1019906,640680,379226,820682,511793,308889
2017-08-29,17,1199530,555370,644160,850297,476869,373428
2017-08-29,18,1186241,547924,638317,815467,486292,329175
2017-08-29,19,1067253,547243,520010,784298,485864,298434
2017-08-29,20,772973,500803,272170,858692,450764,407928
2017-08-29,21,381351,286306,95045,569359,269569,299790
2017-08-29,22,210528,132944,77584,361853,124787,237066
2017-08-29,23,120629,48351,72278,192028,46102,145926
2017-08-30,0,173654,25612,148042,139990,24279,115711
2017-08-30,1,67499,18565,48934,149123,18138,130985
2017-08-30,2,55836,15901,39935,110539,14893,95646
2017-08-30,3,93088,23648,69440,118433,19084,99349
2017-08-30,4,280458,40785,239673,187782,32952,154830
2017-08-30,5,323370,101754,221616,205593,91712,113881
2017-08-30,6,459498,276457,183041,389471,245263,144208
2017-08-30,7,584313,290248,294065,406322,248390,157932
2017-08-30,8,1355955,958636,397319,1137049,688241,448808
2017-08-30,9,1251429,692551,558878,853057,484171,368886
2017-08-30,10,1104485,525590,578895,675205,451047,224158
2017-08-30,11,1143103,469931,673172,748549,399199,349350
2017-08-30,12,1193661,471542,722119,722962,411906,311056
2017-08-30,13,992522,381034,611488,526649,334877,191772
2017-08-30,14,1001625,381124,620501,633702,329620,304082
2017-08-30,15,1048552,381401,667151,619818,331751,288067
2017-08-30,16,826052,439205,386847,595223,385605,209618
2017-08-30,17,1134867,500658,634209,775138,439394,335744
2017-08-30,18,1144254,507445,636809,770563,453749,316814
2017-08-30,19,1049010,503261,545749,672230,451850,220380
2017-08-30,20,696850,450228,246622,806488,408452,398036
2017-08-30,21,352361,270344,82017,573550,257443,316107
2017-08-30,22,202557,125887,76670,250215,117838,132377
2017-08-30,23,122082,44591,77491,159872,46202,113670
2017-08-31,0,170069,25868,144201,131661,23481,108180
2017-08-31,1,80494,25255,55239,107531,22734,84797
2017-08-31,2,79928,39083,40845,123283,32677,90606
2017-08-31,3,83956,42819,41137,128215,34658,93557
2017-08-31,4,76217,30740,45477,102843,28238,74605
2017-08-31,5,127193,75389,51804,163565,70089,93476
2017-08-31,6,522546,262264,260282,372831,230323,142508
2017-08-31,7,709777,278605,431172,388945,239147,149798
2017-08-31,8,1367379,876087,491292,1054953,624501,430452
2017-08-31,9,1353622,781357,572265,916878,535971,380907
2017-08-31,10,1196631,590032,606599,705668,476544,229124
2017-08-31,11,1140067,487996,652071,754456,419645,334811
2017-08-31,12,1139256,450814,688442,732897,396542,336355
2017-08-31,13,1027158,423378,603780,579887,371337,208550
2017-08-31,14,976095,386360,589735,632202,331432,300770
2017-08-31,15,1080172,405660,674512,683536,340385,343151
2017-08-31,16,804327,411049,393278,575368,358331,217037
2017-08-31,17,1136361,504013,632348,769931,441418,328513
2017-08-31,18,1119337,496030,623307,797259,444637,352622
2017-08-31,19,1009262,496268,512994,677652,437318,240334
2017-08-31,20,731811,454471,277340,815640,406092,409548
2017-08-31,21,369754,278451,91303,635990,257296,378694
2017-08-31,22,217093,130787,86306,303214,119609,183605
2017-08-31,23,112602,50811,61791,177197,46172,131025
